#0000FF	#00FF00	#FAFAD2
9
Ellipse	-842150451	217	410	217	410	0	360	#0000FF	NOTFILLED
Hexagon	-842150451	537	218	0	537	218	537	218	537	218	537	218	537	218	537	218	#0000FF	NOTFILLED
Hexagon	-842150451	721	276	117	838	276	779	377	662	377	604	276	662	174	779	174	#0000FF	NOTFILLED
Ellipse	-842150451	280	258	364	325	0	360	#0000FF	NOTFILLED
Square	-842150451	362	226	0	#0000FF	NOTFILLED
Square	-842150451	305	169	62	#0000FF	NOTFILLED
Square	-842150451	373	90	207	#173ED0	#173ED0
Ellipse	-842150451	713	134	757	235	0	360	#0000FF	NOTFILLED
Hexagon	-842150451	477	281	157	634	281	555	416	398	416	320	281	398	145	555	145	#45DCDF	#45DCDF
