#0000FF	#00FF00	#FAFAD2
28
Square	-842150451	797	159	65	#F41818	#F41818
Square	-842150451	289	307	36	#07ACFF	#07ACFF
Ellipse	-842150451	389	289	409	313	0	360	#A305FF	#A305FF
Ellipse	-842150451	418	217	480	263	0	360	#3EFF67	#3EFF67
Hexagon	-842150451	481	351	13	494	351	487	362	474	362	468	351	474	339	487	339	#000000	#000000
Square	-842150451	88	87	63	#14A6EE	#14A6EE
Hexagon	-842150451	294	154	63	357	154	325	208	262	208	231	154	262	99	325	99	#C1EB5F	#C1EB5F
Hexagon	-842150451	122	277	-47	75	277	98	236	145	236	169	277	145	317	98	317	#000000	#000000
Ellipse	-842150451	219	232	249	254	0	360	#1AFDE9	#1AFDE9
Square	-842150451	519	137	76	#3EDB96	#3EDB96
Ellipse	-842150451	259	457	384	498	0	360	#5F3EDB	#5F3EDB
Square	-842150451	619	315	114	#3EDBAC	#3EDBAC
Hexagon	-842150451	76	382	63	139	382	107	436	44	436	13	382	44	327	107	327	#3FE7B5	#3FE7B5
Hexagon	-842150451	1162	575	61	1223	575	1192	627	1131	627	1101	575	1131	522	1192	522	#E73F86	#E73F86
Hexagon	-842150451	1149	393	-123	1026	393	1087	286	1210	286	1272	393	1210	499	1087	499	#3FE7D8	#3FE7D8
Hexagon	-842150451	1145	166	110	1255	166	1200	261	1090	261	1035	166	1090	70	1200	70	#DCDF30	#DCDF30
Ellipse	-842150451	613	220	695	272	0	360	#0000FF	NOTFILLED
Ellipse	-842150451	494	283	573	305	0	360	#0000FF	NOTFILLED
Square	-842150451	18	183	43	#0000FF	NOTFILLED
Square	-842150451	670	88	67	#0000FF	NOTFILLED
Hexagon	-842150451	478	486	-87	391	486	434	410	521	410	565	486	521	561	434	561	#0000FF	NOTFILLED
Hexagon	-842150451	187	410	83	270	410	228	481	145	481	104	410	145	338	228	338	#0000FF	NOTFILLED
Ellipse	-842150451	711	490	766	551	0	360	#0000FF	NOTFILLED
Square	-842150451	44	507	125	#0000FF	NOTFILLED
Ellipse	-842150451	848	336	945	418	0	360	#0000FF	NOTFILLED
Square	-842150451	901	67	120	#0000FF	NOTFILLED
Ellipse	-842150451	810	262	879	300	0	360	#0000FF	NOTFILLED
Hexagon	-842150451	927	526	68	995	526	961	584	893	584	859	526	893	467	961	467	#0000FF	NOTFILLED
